0 0.033772 5 0 22 phot
0.510999 0.0337724 11 5 11 eIoni
0.510999 0.0337724 10 5 11 eIoni
0.510999 0.0337721 9 5 11 msc
0.510999 0.0337721 8 5 11 msc
0.510999 0.0337751 7 5 11 eIoni
0.510999 0.0338252 6 5 11 eIoni
0 0.972264 4 0 22 phot
0.510999 0.972265 35 4 11 msc
0.510999 0.972265 34 4 11 msc
0.510999 0.972268 33 4 11 eIoni
0.510999 0.972572 32 4 11 eIoni
0.510999 0.948971 31 4 11 msc
0.510999 0.94901 30 4 11 eIoni
0.510999 0.889691 29 4 11 eIoni
0.510999 0.889705 28 4 11 eIoni
0.510999 0.886292 27 4 11 eIoni
0.510999 0.886296 26 4 11 eIoni
0.510999 0.883124 25 4 11 eIoni
0.510999 0.767571 24 4 11 eIoni
0.510999 0.653257 23 4 11 eIoni
0.510999 0.655374 22 4 11 eIoni
0.510999 0.611861 21 4 11 eIoni
0.510999 0.592806 20 4 11 eIoni
0.510999 0.594773 19 4 11 eIoni
0.510999 0.38771 18 4 11 eIoni
0.510999 0.38771 17 4 11 msc
0.510999 0.389095 16 4 11 eIoni
0.510999 0.251387 15 4 11 eIoni
0.510999 0.0908839 14 4 11 eIoni
0.510999 0.0908836 13 4 11 msc
0.510999 0.09875 12 4 11 eIoni
1.29048e-08 1.92882 3 0 22 phot
0.510999 1.92882 68 3 11 eIoni
0.510999 1.92882 67 3 11 eIoni
0.510999 1.92882 66 3 11 msc
0.510999 1.92882 65 3 11 msc
0.510999 1.92882 64 3 11 eIoni
0.510999 1.92897 63 3 11 eIoni
0.510999 1.92019 62 3 11 eIoni
0.510999 1.80977 61 3 11 eIoni
0.510999 1.80979 60 3 11 eIoni
0.510999 1.61666 59 3 11 eIoni
0.510999 1.61668 58 3 11 eIoni
0.510999 1.47461 57 3 11 msc
0.510999 1.47465 56 3 11 eIoni
0.510999 1.44859 55 3 11 eIoni
0.510999 1.42413 54 3 11 eIoni
0.510999 1.42415 53 3 11 eIoni
0.510999 1.05681 52 3 11 eIoni
0.510999 1.05681 51 3 11 eIoni
0.510999 1.05681 50 3 11 msc
0.510999 1.05681 49 3 11 eIoni
0.510999 1.05683 48 3 11 eIoni
0.510999 1.03349 47 3 11 msc
0.510999 1.03363 46 3 11 eIoni
0.510999 0.74752 45 3 11 eIoni
0.510999 0.743495 44 3 11 eIoni
0.510999 0.514176 43 3 11 eIoni
0.510999 0.119271 42 3 11 eIoni
0.510999 0.072638 41 3 11 eIoni
0.510999 0.0726935 40 3 11 eIoni
0.510999 0.0454346 39 3 11 eIoni
0.510999 0.0454345 38 3 11 eIoni
0.510999 0.0454375 37 3 11 eIoni
0.510999 0.0463407 36 3 11 eIoni
0 1.43994 2 0 22 phot
0.510999 1.43994 78 2 11 eIoni
0.510999 1.43994 77 2 11 eIoni
0.510999 1.43994 76 2 11 eIoni
0.510999 1.44073 75 2 11 eIoni
0.510999 1.35117 74 2 11 eIoni
0.510999 1.13254 73 2 11 eIoni
0.510999 1.10289 72 2 11 eIoni
0.510999 1.04611 71 2 11 eIoni
0.510999 1.05553 70 2 11 eIoni
0.510999 0.293327 69 2 11 eIoni
0.510999 0.22628 1 0 11 eIoni
0 0.205193 85 1 22 phot
0.510999 0.205193 88 85 11 eIoni
0.510999 0.205193 87 85 11 msc
0.510999 0.205207 86 85 11 eIoni
0 0.1796 84 1 22 phot
0.510999 0.179601 91 84 11 msc
0.510999 0.179604 90 84 11 eIoni
0.510999 0.179633 89 84 11 eIoni
0 0.133617 83 1 22 phot
0.510999 0.133617 96 83 11 eIoni
0.510999 0.133617 95 83 11 eIoni
0.510999 0.133617 94 83 11 msc
0.510999 0.13362 93 83 11 eIoni
0.510999 0.133629 92 83 11 eIoni
0 1.09266 82 1 22 phot
0.510999 1.09266 108 82 11 eIoni
0 1.09291 107 82 22 phot
0.510999 1.09292 111 107 11 eIoni
0.510999 1.09291 110 107 11 msc
0.510999 1.09292 109 107 11 eIoni
0.510999 1.09318 106 82 11 eIoni
0.510999 0.995224 105 82 11 eIoni
0.510999 0.995397 104 82 11 eIoni
0.510999 0.901853 103 82 11 eIoni
0.510999 0.700625 102 82 11 eIoni
0.510999 0.70099 101 82 11 eIoni
0.510999 0.287774 100 82 11 eIoni
0.510999 0.287774 99 82 11 msc
0.510999 0.288245 98 82 11 eIoni
0.510999 0.123137 97 82 11 eIoni
0.510999 0.0579431 81 1 11 eIoni
0 0.0746821 80 1 22 phot
0.510999 0.0746825 115 80 11 eIoni
0.510999 0.0746825 114 80 11 eIoni
0.510999 0.0746855 113 80 11 eIoni
0.510999 0.0748189 112 80 11 eIoni
0 0.0401201 79 1 22 phot
0.510999 0.0401205 117 79 11 eIoni
0.510999 0.0401283 116 79 11 eIoni
0 0.0109955 5 0 22 phot
0.510999 0.0109959 10 5 11 eIoni
0.510999 0.0109959 9 5 11 eIoni
0.510999 0.0109956 8 5 11 msc
0.510999 0.0109989 7 5 11 eIoni
0.510999 0.0110529 6 5 11 eIoni
0 2.62462 4 0 22 phot
0.510999 2.62462 26 4 11 eIoni
0 2.62485 25 4 22 phot
0.510999 2.62485 28 25 11 eIoni
0.510999 2.62485 27 25 11 eIoni
0.510999 2.62489 24 4 11 eIoni
0.510999 2.50792 23 4 11 eIoni
0.510999 2.50239 22 4 11 eIoni
0.510999 2.43568 21 4 11 eIoni
0 2.43576 20 4 22 phot
0.510999 2.43576 30 20 11 eIoni
0.510999 2.43576 29 20 11 eIoni
0.510999 2.4357 19 4 11 eIoni
0.510999 2.36972 18 4 11 eIoni
0.510999 2.08103 17 4 11 eIoni
0.510999 2.08103 16 4 11 msc
0.510999 2.08104 15 4 11 eIoni
0.510999 1.32978 14 4 11 eIoni
0.510999 1.33069 13 4 11 eIoni
0.510999 1.29076 12 4 11 eIoni
0.510999 1.07333 11 4 11 eIoni
1.29048e-08 2.22729 3 0 22 phot
0.510999 2.22729 46 3 11 eIoni
0.510999 2.22729 45 3 11 eIoni
0.510999 2.2273 44 3 11 eIoni
0.510999 2.22777 43 3 11 eIoni
0.510999 1.99153 42 3 11 eIoni
0.510999 1.99153 41 3 11 msc
0.510999 1.99159 40 3 11 eIoni
0.510999 1.96841 39 3 11 eIoni
0.510999 1.84276 38 3 11 eIoni
0.510999 1.84326 37 3 11 eIoni
0.510999 1.782 36 3 11 eIoni
0.510999 1.78201 35 3 11 eIoni
0.510999 1.44547 34 3 11 eIoni
0.510999 1.44665 33 3 11 eIoni
0.510999 1.32384 32 3 11 eIoni
0.510999 0.841118 31 3 11 eIoni
0 1.65602 2 0 22 phot
0.510999 1.65602 61 2 11 eIoni
0.510999 1.65602 60 2 11 eIoni
0.510999 1.65603 59 2 11 eIoni
0.510999 1.65642 58 2 11 eIoni
0.510999 1.61319 57 2 11 eIoni
0.510999 1.48942 56 2 11 eIoni
0.510999 1.48942 55 2 11 msc
0.510999 1.48944 54 2 11 eIoni
0.510999 1.37674 53 2 11 msc
0.510999 1.37708 52 2 11 eIoni
0.510999 1.27537 51 2 11 eIoni
0 1.27443 62 51 22 phot
0.510999 1.27443 66 62 11 eIoni
0.510999 1.27443 65 62 11 msc
0.510999 1.27444 64 62 11 eIoni
0.510999 1.27444 63 62 11 eIoni
0.510999 0.889365 50 2 11 eIoni
0.510999 0.775364 49 2 11 eIoni
0.510999 0.775379 48 2 11 eIoni
0.510999 0.120792 47 2 11 eIoni
0 0.104603 67 47 22 phot
0.510999 0.104603 71 67 11 eIoni
0.510999 0.104603 70 67 11 eIoni
0.510999 0.104606 69 67 11 eIoni
0.510999 0.104618 68 67 11 eIoni
0.510999 0.195079 1 0 11 eIoni
0.510999 0.147268 74 1 11 eIoni
0.510999 0.0283143 73 1 11 eIoni
0.510999 0.0381673 72 1 11 eIoni
