5 0 22
11 5 11
10 5 11
9 5 11
8 5 11
7 5 11
6 5 11
4 0 22
35 4 11
34 4 11
33 4 11
32 4 11
31 4 11
30 4 11
29 4 11
28 4 11
27 4 11
26 4 11
25 4 11
24 4 11
23 4 11
22 4 11
21 4 11
20 4 11
19 4 11
18 4 11
17 4 11
16 4 11
15 4 11
14 4 11
13 4 11
12 4 11
3 0 22
68 3 11
67 3 11
66 3 11
65 3 11
64 3 11
63 3 11
62 3 11
61 3 11
60 3 11
59 3 11
58 3 11
57 3 11
56 3 11
55 3 11
54 3 11
53 3 11
52 3 11
51 3 11
50 3 11
49 3 11
48 3 11
47 3 11
46 3 11
45 3 11
44 3 11
43 3 11
42 3 11
41 3 11
40 3 11
39 3 11
38 3 11
37 3 11
36 3 11
2 0 22
78 2 11
77 2 11
76 2 11
75 2 11
74 2 11
73 2 11
72 2 11
71 2 11
70 2 11
69 2 11
1 0 11
85 1 22
88 85 11
87 85 11
86 85 11
84 1 22
91 84 11
90 84 11
89 84 11
83 1 22
96 83 11
95 83 11
94 83 11
93 83 11
92 83 11
82 1 22
108 82 11
107 82 22
111 107 11
110 107 11
109 107 11
106 82 11
105 82 11
104 82 11
103 82 11
102 82 11
101 82 11
100 82 11
99 82 11
98 82 11
97 82 11
81 1 11
80 1 22
115 80 11
114 80 11
113 80 11
112 80 11
79 1 22
117 79 11
116 79 11
5 0 22
10 5 11
9 5 11
8 5 11
7 5 11
6 5 11
4 0 22
26 4 11
25 4 22
28 25 11
27 25 11
24 4 11
23 4 11
22 4 11
21 4 11
20 4 22
30 20 11
29 20 11
19 4 11
18 4 11
17 4 11
16 4 11
15 4 11
14 4 11
13 4 11
12 4 11
11 4 11
3 0 22
46 3 11
45 3 11
44 3 11
43 3 11
42 3 11
41 3 11
40 3 11
39 3 11
38 3 11
37 3 11
36 3 11
35 3 11
34 3 11
33 3 11
32 3 11
31 3 11
2 0 22
61 2 11
60 2 11
59 2 11
58 2 11
57 2 11
56 2 11
55 2 11
54 2 11
53 2 11
52 2 11
51 2 11
62 51 22
66 62 11
65 62 11
64 62 11
63 62 11
50 2 11
49 2 11
48 2 11
47 2 11
67 47 22
71 67 11
70 67 11
69 67 11
68 67 11
1 0 11
74 1 11
73 1 11
72 1 11
